-0.1769253435000278
1.0
-0.4862318149625847
-1.0
0.508644884234858
0.5458801210747011
1.0
0.9787927475292147
1.0
0.9915489503226639
-0.9780570355402048
0.5503044802105165
-1.0
0.5936660773320536
-0.8097828081085676
-0.25308099634998293
-0.9829128635059308
-1.0
0.37577346575196047
-0.4011799761907674
0.6444328096247081
1.0
-1.0
-0.46714679369164097
-0.6974148214123275
0.9430947392600606
-1.0
-0.9386330652365747
-0.2521819128439904
-1.0
0.779686304250625
0.9778130499784156
-0.14977991678647706
1.0
0.029817587528170292
-0.3294877427389885
-0.03232648343278979
-0.1480337116039863
0.1526012836171354
-0.8048010331620856