-0.39030498545356374
0.6212906504947376
0.747709862145578
-0.27729668871954205
-0.3423057108835219
0.22009775015063143
1.0
0.34428571271259345
-0.6068934979669374
-1.0
-0.024472582863250367
0.9035695965161005
-0.45750463414242354
-0.036785483906513726
0.4097180761988352
-0.404612030527318
-1.0
0.3004848622130911
-0.24207259297482192
-0.10706701079605374
0.3598053644561645
0.4736877881562544
-0.125344374428662
0.9479982836898984
-0.0006886010166871626
0.08062193662128031
0.8959018195571006
0.030294541186049406
-0.22754469279300643
-0.4757143429040337
-0.1810243574338829
0.1715756531505594
-0.10572565242067641
-0.904502428175896
-0.5596828000763275
-0.09162349054547862
0.3424955764756257
1.0
-1.0
1.0